299.00	9.0000	0.88153246701922E+00   0.20242354423793E+01   0.35986200019877E-07
308.00	9.5000	0.88252936667870E+00   0.20228610048994E+01   0.34713430019373E-07
318.00	10.000	0.88217753167661E+00   0.20225015788882E+01   0.33912890051724E-07
328.00	10.500	0.88294412128073E+00   0.20118286210192E+01   0.33346590044836E-07
339.00	11.500	0.88403703148324E+00   0.20170038044637E+01   0.31691840041148E-07
351.00	17.500	0.88303415138403E+00   0.20253556180464E+01   0.30709150000696E-07
374.00	27.000	0.88472135418632E+00   0.20145333580147E+01   0.29085040043064E-07
405.00	33.000	0.88615826680579E+00   0.20333764721242E+01   0.33700370050127E-07
440.00	32.500	0.88533953392000E+00   0.20365654697066E+01   0.79782579986976E-07
470.00	25.000	0.88777372545492E+00   0.20309161276027E+01   0.22249425002396E-06
490.00	25.000	0.88738612277876E+00   0.20280898456609E+01   0.45343803001252E-06
520.00	36.500	0.88720452449192E+00   0.20269566368929E+01   0.11128715099451E-05
563.00	38.500	0.88423762211895E+00   0.20253620090525E+01   0.30905244799984E-05
597.00	26.500	0.88750932540414E+00   0.20452930486845E+01   0.51763267600036E-05
616.00	27.500	0.88846140173814E+00   0.20130215580862E+01   0.68378640499800E-05
652.00	38.000	0.88473063952328E+00   0.20210806317014E+01   0.12923515970042E-04
692.00	43.000	0.88599025037822E+00   0.20242214957073E+01   0.19571104269978E-04
738.00	49.500	0.88712277500435E+00   0.20357297258667E+01   0.35228113409946E-04
791.00	36.000	0.88678274384186E+00   0.20469116521103E+01   0.81660008079965E-04
810.00	19.500	0.88794009335170E+00   0.20553645799058E+01   0.92516004290055E-04
830.00	20.500	0.89041104524175E+00   0.20521384181172E+01   0.92007638279989E-04
851.00	22.000	0.88789369943194E+00   0.20622641245462E+01   0.11722329428998E-03
874.00	23.000	0.88940627140025E+00   0.20630019874350E+01   0.17836393086001E-03
897.00	20.500	0.88816378465756E+00   0.20634909357223E+01   0.24407132696003E-03
915.00	15.000	0.88619099573780E+00   0.20296968819887E+01   0.27630347589003E-03
927.00	12.000	0.88979572884105E+00   0.20599296622911E+01   0.28800582882005E-03
939.00	12.500	0.88325139213793E+00   0.20205860856055E+01   0.33256682205995E-03
952.00	12.500	0.88602761982868E+00   0.20722474415291E+01   0.40744685339000E-03
964.00	16.500	0.88321151773125E+00   0.20253901058502E+01   0.51322607745996E-03
985.00	23.500	0.88669898142207E+00   0.20694149812742E+01   0.66106940983002E-03
1011.0	21.500	0.88850228602553E+00   0.20714434382338E+01   0.10623955653301E-02
1028.0	13.500	0.88745921449537E+00   0.20097020835181E+01   0.12092734466600E-02
1038.0	13.500	0.89001615145103E+00   0.20414913942223E+01   0.11950990561300E-02
1055.0	20.000	0.88998064366643E+00   0.20356264131010E+01   0.10440098137700E-02
1078.0	20.000	0.88521313727431E+00   0.20822890467072E+01   0.10339870386600E-02
1095.0	14.500	0.88547106488297E+00   0.20299332918755E+01   0.85424009344004E-03
1107.0	12.500	0.88783044953595E+00   0.20275791816889E+01   0.85797331099002E-03
1120.0	13.000	0.88995657732561E+00   0.20715034219117E+01   0.85879768057995E-03
1133.0	13.000	0.88181881712990E+00   0.20383953657682E+01   0.11245145915100E-02
1146.0	13.000	0.88615802936763E+00   0.20323806481511E+01   0.10901523503900E-02
1159.0	13.000	0.89018155742378E+00   0.20734137449276E+01   0.13449325378200E-02
1172.0	13.500	0.88952421429181E+00   0.20385592161091E+01   0.18234081740500E-02
1186.0	14.500	0.88630904397704E+00   0.20234652905323E+01   0.43298245498200E-02
1201.0	18.500	0.89149469137919E+00   0.20724314496615E+01   0.29991628476800E-02
1223.0	26.000	0.88558117460116E+00   0.20235934286722E+01   0.46202636399300E-02
1253.0	31.500	0.88841464460390E+00   0.20906219521421E+01   0.56067217712800E-02
1286.0	28.000	0.88788097968321E+00   0.20371392009451E+01   0.59566004887101E-02
1309.0	18.500	0.88827668077246E+00   0.20777913807185E+01   0.52994636729899E-02
1323.0	14.000	0.88365549173925E+00   0.20285484588501E+01   0.54633857685400E-02
1337.0	14.000	0.88388971688093E+00   0.20376479794390E+01   0.54348175440400E-02
1351.0	14.500	0.88771533892115E+00   0.20907925131564E+01   0.55044929102700E-02
1366.0	15.000	0.88933812313121E+00   0.20667103232573E+01   0.56381578157700E-02
1381.0	15.500	0.88762108941189E+00   0.20124413257366E+01   0.62266007343800E-02
1397.0	15.500	0.88635429550738E+00   0.20494661382562E+01   0.74144900046800E-02
1412.0	16.000	0.89255886751398E+00   0.20912474430845E+01   0.15073618511860E-01
1429.0	16.500	0.89208798299842E+00   0.20636905599609E+01   0.35775338777370E-01
1445.0	16.500	0.89421932283316E+00   0.20240352107743E+01   0.63172235492770E-01
1462.0	17.000	0.90338721829077E+00   0.20578062893017E+01   0.10066990580545E+00
1479.0	17.500	0.91251321539568E+00   0.20906703916941E+01   0.13967780911449E+00
1497.0	18.000	0.91414820676023E+00   0.20525898204093E+01   0.15737356126393E+00
1515.0	18.500	0.91081611094791E+00   0.20207617953187E+01   0.15051611584105E+00
1534.0	19.000	0.91057311492561E+00   0.20651468141992E+01   0.13671874731538E+00
1553.0	19.000	0.90930288430235E+00   0.20957691301969E+01   0.12021445609644E+00
1572.0	19.500	0.90429639413068E+00   0.20499837442908E+01   0.10722429970337E+00
1592.0	26.000	0.89947929501563E+00   0.20258399829977E+01   0.92477593193460E-01
1624.0	37.500	0.90344145975674E+00   0.21005407156956E+01   0.76365186691000E-01
1667.0	44.500	0.89636383236281E+00   0.20203289535501E+01   0.65559751494170E-01
1713.0	47.000	0.89953734111970E+00   0.21008283010310E+01   0.51720919756610E-01
1761.0	49.500	0.89383654744801E+00   0.20282935988615E+01   0.45944160231590E-01
1812.0	43.500	0.89358539717277E+00   0.20961972628694E+01   0.38445641304180E-01
1848.0	28.500	0.89579480728524E+00   0.20093284654042E+01   0.37571875828780E-01
1869.0	21.000	0.89702398492767E+00   0.20798429624959E+01   0.45173393067140E-01
1890.0	21.500	0.90261538163829E+00   0.21188376628022E+01   0.64942934194940E-01
1912.0	22.000	0.91019073604292E+00   0.20743971627337E+01   0.12466054026345E+00
1934.0	22.500	0.92078165836539E+00   0.20284475403688E+01   0.19915989349044E+00
1957.0	23.000	0.93165060741862E+00   0.20460754493888E+01   0.25539621735541E+00
1980.0	23.500	0.93745715408673E+00   0.20924175737949E+01   0.27551728801553E+00
2004.0	24.000	0.93818822768302E+00   0.20998935101083E+01   0.27341935198997E+00
2028.0	24.500	0.93476138989830E+00   0.20620637147494E+01   0.26511648620328E+00
2053.0	25.500	0.92883351932049E+00   0.20340982136020E+01   0.24775789997538E+00
2079.0	26.000	0.92475889193613E+00   0.20570544866890E+01   0.20489325817964E+00
2105.0	26.500	0.91923411407261E+00   0.21231929695748E+01   0.15304166935497E+00
2132.0	27.500	0.91209335004885E+00   0.20812926376031E+01   0.10943879085692E+00
2160.0	28.000	0.90183185304428E+00   0.20284772538683E+01   0.85187997734870E-01
2188.0	28.500	0.90543838055690E+00   0.20446401384156E+01   0.62177408736220E-01
2217.0	29.500	0.90152581504679E+00   0.21564387506854E+01   0.52503323460750E-01
2247.0	30.500	0.90610985670569E+00   0.20602670404153E+01   0.45142620538380E-01
2278.0	28.500	0.89778128091476E+00   0.20180758003573E+01   0.52708708489680E-01
2304.0	24.000	0.90770407781625E+00   0.20707979922153E+01   0.62554984579410E-01
2326.0	21.500	0.90976027109361E+00   0.21550891029424E+01   0.75401963177240E-01
2347.0	22.000	0.91321975676438E+00   0.21223010275408E+01   0.89984689547480E-01
2370.0	22.500	0.91458197389216E+00   0.20211708573148E+01   0.10350504171898E+00
2392.0	23.000	0.91552793437217E+00   0.20038250661649E+01   0.11119151913079E+00
2416.0	23.500	0.91959162673449E+00   0.20963177903489E+01   0.11356112202164E+00
2439.0	23.500	0.91913785561471E+00   0.21602869033888E+01   0.11680098307142E+00
2463.0	24.500	0.91843360342831E+00   0.20879685874342E+01   0.12738452966468E+00
2488.0	25.000	0.91914065911145E+00   0.20309612068536E+01   0.13594403414061E+00
2513.0	25.000	0.92630678880307E+00   0.21198132808277E+01   0.13186077078180E+00
2538.0	25.500	0.92975414427939E+00   0.21478939984930E+01   0.12856920329351E+00
2564.0	26.500	0.92513672171721E+00   0.20272818819075E+01   0.13303370093954E+00
2591.0	23.500	0.92624675281540E+00   0.21011146746022E+01   0.12804230599573E+00
2611.0	17.000	0.93699842145049E+00   0.21570782735120E+01   0.12530591737150E+00
2625.0	14.000	0.93301146962647E+00   0.20820626050937E+01   0.14111136498151E+00
2639.0	14.000	0.93228944321008E+00   0.20049617968943E+01   0.16504029971910E+00
2653.0	14.000	0.94095328361985E+00   0.20776354548135E+01   0.17584176966657E+00
2667.0	14.000	0.94789793117392E+00   0.21648485836987E+01   0.18409518532113E+00
2681.0	14.000	0.95104799003351E+00   0.20866706133576E+01   0.22305428520773E+00
2695.0	14.500	0.95596080631581E+00   0.20197303028156E+01   0.28453864268854E+00
2710.0	15.000	0.96550143000859E+00   0.21336896684276E+01   0.31086143107240E+00
2725.0	15.000	0.96923073054329E+00   0.20985999391658E+01   0.34938230316896E+00
2740.0	15.000	0.98075627408477E+00   0.20735894040580E+01   0.43854152075812E+00
2755.0	15.000	0.98709343699417E+00   0.20968244900831E+01   0.46664684881823E+00
2770.0	15.500	0.99024884668350E+00   0.20774802064272E+01   0.48577244960291E+00
2786.0	15.500	0.99297494448860E+00   0.20854010989214E+01   0.49456568795931E+00
2801.0	32.000	0.99436770826838E+00   0.20803445750463E+01   0.49943021555353E+00
2850.0	25.000	0.99536299314381E+00   0.20216472925635E+01   0.50076115303850E+00
2851.0	74.500	0.99525307174565E+00   0.20208398955448E+01   0.50039599004413E+00
2999.0	148.00	0.94222345380565E+00   0.20705864144675E+01   0.44074018552293E+00
